156.6	0.46199	2.4039e+05	1.1335e+05	2267	1093.7	5.37
154.89	0.46068	2.7404e+05	1.3025e+05	2605	1196.5	5.3016
143.31	0.43432	2.9221e+05	1.3895e+05	2779	1396.6	5.3511
133.5	0.41661	2.6416e+05	1.2595e+05	2519	1222.5	5.3004
175.39	0.48862	2.5613e+05	1.1985e+05	2397	903.71	5.2672
167.51	0.4789	2.7049e+05	1.277e+05	2554	1074.4	5.3442
156.68	0.45418	2.5972e+05	1.2125e+05	2425	1052.1	5.3364
186.81	0.50979	3.0389e+05	1.43e+05	2860	1099.6	5.3451
166.58	0.47394	2.9865e+05	1.3905e+05	2781	1122.1	5.3329
173.87	0.48647	2.6023e+05	1.211e+05	2422	913.4	5.2791
188.82	0.51334	2.542e+05	1.179e+05	2358	862.36	5.3001
156.92	0.46417	2.3902e+05	1.138e+05	2276	1041.4	5.3274
170.22	0.49399	2.7327e+05	1.257e+05	2514	1427.6	5.3588
157.24	0.46227	2.7355e+05	1.299e+05	2598	1182.2	5.3137
149.58	0.44643	2.8318e+05	1.3315e+05	2663	1367.6	5.3319
181.5	0.50004	2.3328e+05	1.0755e+05	2151	828.18	5.279
180.66	0.50121	2.9417e+05	1.366e+05	2732	1081.7	5.304
138.75	0.43034	2.3882e+05	1.155e+05	2310	1151	5.2762
161.77	0.47352	2.6132e+05	1.2395e+05	2479	1148.9	5.33
160.02	0.47436	2.6212e+05	1.238e+05	2476	1205.5	5.3825
141.82	0.43008	2.5839e+05	1.231e+05	2462	1148	5.3059
156.94	0.46541	2.9159e+05	1.3845e+05	2769	1252.2	5.3041
170.43	0.48781	2.6069e+05	1.232e+05	2464	1009.2	5.3118
148.43	0.44956	2.4728e+05	1.1515e+05	2303	1226.4	5.3355
180.78	0.502	2.8572e+05	1.3305e+05	2661	1033.7	5.3249
159.61	0.47044	2.3428e+05	1.1155e+05	2231	996.99	5.3628
171.87	0.48577	2.7806e+05	1.3045e+05	2609	1060.8	5.4226
165.85	0.48363	2.9458e+05	1.394e+05	2788	1351.3	5.3789
171.03	0.49033	2.2434e+05	1.0465e+05	2093	893.17	5.3254
144.37	0.44571	2.5593e+05	1.215e+05	2430	1263.2	5.3477
158.92	0.47014	2.4635e+05	1.1525e+05	2305	1163.8	5.4569
170.28	0.48207	2.7783e+05	1.3005e+05	2601	1085.6	5.4339
130.9	0.41882	2.634e+05	1.268e+05	2536	1294.3	5.3867
170.44	0.48265	2.4714e+05	1.1625e+05	2325	973.46	5.3477
147.95	0.44643	2.5019e+05	1.184e+05	2368	1206.9	5.4287
140.44	0.43511	2.8611e+05	1.372e+05	2744	1387.9	5.3795
146.88	0.43913	2.8597e+05	1.366e+05	2732	1165.8	5.4063
174.9	0.4982	2.3439e+05	1.1e+05	2200	946.28	5.3902
165.91	0.48079	2.5483e+05	1.1825e+05	2365	1148	5.3835
156.38	0.46482	2.7772e+05	1.3205e+05	2641	1241	5.3623
189.13	0.51268	2.6179e+05	1.2155e+05	2431	941.46	5.3473
161.84	0.47157	2.8297e+05	1.35e+05	2700	1196	5.3666
155.22	0.45357	2.5089e+05	1.175e+05	2350	1086	5.4006
153.67	0.45163	2.4334e+05	1.1335e+05	2267	1063.7	5.4174
137.09	0.42459	2.4578e+05	1.1645e+05	2329	1145.1	5.381
183.75	0.50287	2.471e+05	1.158e+05	2316	851.4	5.3476
158.71	0.47309	2.6957e+05	1.2805e+05	2561	1388.3	5.3956
147.5	0.45166	2.6799e+05	1.273e+05	2546	1359.5	5.474
181.39	0.50309	2.4397e+05	1.141e+05	2282	837.13	5.3993
185.97	0.50972	2.9691e+05	1.3955e+05	2791	1107.7	5.3655
170.88	0.48545	2.4572e+05	1.1535e+05	2307	948.95	5.386
170.99	0.4919	2.4288e+05	1.14e+05	2280	1003	5.3768
167.76	0.48007	2.4658e+05	1.143e+05	2286	1001.8	5.4655
185.8	0.50588	2.7307e+05	1.2785e+05	2557	921.57	5.4065
148.51	0.44781	2.8376e+05	1.3625e+05	2725	1237	5.4364
172.65	0.48538	2.3668e+05	1.122e+05	2244	903.64	5.4089
165.38	0.47306	2.6045e+05	1.2075e+05	2415	1028.5	5.3875
207.25	0.54118	3.0006e+05	1.3895e+05	2779	943.96	5.3877
148.51	0.45391	2.3478e+05	1.1125e+05	2225	1120.8	5.4378
153.99	0.45959	2.9186e+05	1.395e+05	2790	1264.2	5.4588
156.96	0.45494	2.4347e+05	1.131e+05	2262	984.59	5.4187
184.07	0.50918	2.484e+05	1.154e+05	2308	919.37	5.3808
152.51	0.4608	2.4327e+05	1.159e+05	2318	1130.4	6.1764
192.37	0.52336	2.599e+05	1.189e+05	2378	883.2	5.4652
169.8	0.48228	2.5628e+05	1.204e+05	2408	979.51	5.4426
165.55	0.47444	3.1906e+05	1.5175e+05	3035	1357.2	5.4483
151.78	0.45043	2.5597e+05	1.2145e+05	2429	1114.5	5.4428
165.11	0.47441	2.6426e+05	1.2405e+05	2481	1097	5.416
173.16	0.48937	2.8862e+05	1.3655e+05	2731	1114	5.3865
153.72	0.45497	2.5698e+05	1.204e+05	2408	1087	5.473
149.09	0.44712	3.0423e+05	1.4325e+05	2865	1301.9	5.453
114.27	0.39067	2.8283e+05	1.3385e+05	2677	1743.8	5.4296
166.2	0.47448	2.3489e+05	1.084e+05	2168	865.92	5.4628
194.35	0.52927	2.5702e+05	1.198e+05	2396	923.46	5.372
156.35	0.46107	2.5778e+05	1.205e+05	2410	1086.2	5.4283
159.34	0.47008	2.4714e+05	1.1715e+05	2343	1106.9	5.4914
143.59	0.44428	2.9556e+05	1.427e+05	2854	1417.8	5.2158
172.64	0.49075	3e+05	1.4035e+05	2807	1160.7	5.2215
150.02	0.44808	2.6287e+05	1.266e+05	2532	1177.6	5.2409
179.37	0.49726	2.3501e+05	1.079e+05	2158	847.18	5.2808
154.62	0.46443	2.9449e+05	1.431e+05	2862	1387.9	5.4
140.47	0.42978	2.3781e+05	1.1245e+05	2249	1140.9	5.2382
140.38	0.43496	2.9293e+05	1.409e+05	2818	1481.3	5.274
172.64	0.49038	2.3833e+05	1.108e+05	2216	903.62	5.2771
177.47	0.49331	2.7168e+05	1.2615e+05	2523	997.25	5.1888
152.23	0.45206	2.6583e+05	1.2465e+05	2493	1213	5.2173
137.94	0.42809	2.7081e+05	1.2905e+05	2581	1369.1	5.2397
157.88	0.46793	2.889e+05	1.3775e+05	2755	1417	5.2865
154.33	0.45084	3.0137e+05	1.421e+05	2842	1243.5	5.2212
178.23	0.49679	2.756e+05	1.2865e+05	2573	993	5.2265
165	0.47579	2.8362e+05	1.3355e+05	2671	1138.7	5.2513
163.9	0.47157	2.3222e+05	1.099e+05	2198	934.58	5.1873
198.91	0.53366	2.4506e+05	1.1225e+05	2245	844.4	5.2318
164.27	0.4724	2.9783e+05	1.421e+05	2842	1243.6	5.289
155.03	0.46132	2.6727e+05	1.2715e+05	2543	1154.2	5.2442
150.59	0.45539	2.6184e+05	1.2295e+05	2459	1157.3	5.2282
171.07	0.49022	2.5635e+05	1.2155e+05	2431	1061.2	5.1764
171.76	0.49026	2.3631e+05	1.1085e+05	2217	889.59	5.238
180.04	0.50289	2.8287e+05	1.3375e+05	2675	1006.2	5.2981
158.76	0.46958	2.5283e+05	1.1955e+05	2391	1134.2	5.2555
