269.83	0.64481	2.5751e+05	1.1795e+05	2359	844.63	5.6708
266.97	0.63986	2.6243e+05	1.217e+05	2434	855.57	5.4945
284.27	0.67097	2.5645e+05	1.255e+05	2510	657.8	5.6599
257.81	0.63578	2.1928e+05	1.056e+05	2112	632.01	5.8524
284.91	0.66574	2.7203e+05	1.284e+05	2568	827.06	5.8587
267.91	0.64222	2.6588e+05	1.229e+05	2458	766.64	5.8149
263.58	0.63694	2.7814e+05	1.31e+05	2620	940.53	5.8886
252.7	0.61774	2.3401e+05	1.0325e+05	2065	850.92	5.9044
264.35	0.63786	2.7152e+05	1.2285e+05	2457	1185.6	5.9142
297.92	0.68026	2.8959e+05	1.3615e+05	2723	653.76	5.5233
294.18	0.67494	2.4758e+05	1.1445e+05	2289	738.12	5.5689
265.9	0.63075	3.0912e+05	1.435e+05	2870	876.37	5.9068
282.92	0.65934	2.5946e+05	1.201e+05	2402	704.98	5.9016
258.99	0.62907	2.8489e+05	1.3265e+05	2653	984.68	5.7171
280.32	0.66015	2.6099e+05	1.1785e+05	2357	1152.2	5.6525
267.69	0.64647	2.6668e+05	1.2455e+05	2491	880.9	5.663
288.41	0.67033	2.3636e+05	1.076e+05	2152	655.26	5.6189
270.81	0.65216	2.424e+05	1.1165e+05	2233	938.24	5.6102
289.93	0.67421	2.9187e+05	1.3845e+05	2769	994.38	5.5558
302.22	0.68832	2.6412e+05	1.245e+05	2490	696.31	5.364
271.82	0.64562	2.6856e+05	1.2415e+05	2483	795.3	5.1627
290.97	0.67719	2.0959e+05	99900	1998	541.16	5.5206
277.75	0.65938	2.2948e+05	1.1025e+05	2205	627.48	5.809
260.37	0.63518	2.5153e+05	1.146e+05	2292	1179.1	5.7774
270.68	0.64733	2.6141e+05	1.214e+05	2428	874.33	5.7658
292.08	0.67181	2.5473e+05	1.2035e+05	2407	675.37	5.6477
271.78	0.64949	2.2731e+05	1.042e+05	2084	946.48	5.6494
297.75	0.68128	2.5858e+05	1.2215e+05	2443	638.19	5.5607
274.59	0.65273	2.4361e+05	1.123e+05	2246	766.06	5.6224
291.8	0.67529	2.4192e+05	1.128e+05	2256	645.27	5.6609
257.24	0.62352	2.9383e+05	1.3675e+05	2735	890.86	5.646
267.69	0.63978	2.7644e+05	1.2825e+05	2565	791.64	5.4787
276.53	0.65234	2.7214e+05	1.2385e+05	2477	892.42	5.3607
294.93	0.68168	2.7116e+05	1.2815e+05	2563	709.8	5.6328
288.8	0.66987	2.5715e+05	1.1855e+05	2371	902.58	5.7323
309.88	0.69357	2.8928e+05	1.368e+05	2736	713.9	5.8658
279.54	0.65911	2.7491e+05	1.305e+05	2610	920.62	5.8435
294.25	0.67762	2.1529e+05	1.002e+05	2004	681.02	5.4866
296.94	0.68344	2.7989e+05	1.328e+05	2656	859.67	5.4486
292.63	0.6799	2.4996e+05	1.1675e+05	2335	797.25	5.6527
286.38	0.66478	2.9032e+05	1.374e+05	2748	766.32	5.7908
280.26	0.66231	2.8864e+05	1.3595e+05	2719	888.4	5.544
279.42	0.65936	2.3618e+05	1.0935e+05	2187	782.97	5.2598
284.44	0.66214	3.0472e+05	1.419e+05	2838	809.26	5.2425
265.25	0.6385	2.5995e+05	1.2165e+05	2433	743.87	5.1818
263.27	0.63796	2.4548e+05	1.098e+05	2196	968.15	5.1537
267.82	0.64293	2.2869e+05	1.057e+05	2114	647.38	5.2205
279.95	0.6583	2.541e+05	1.181e+05	2362	708.39	5.5999
285.61	0.6634	2.9141e+05	1.368e+05	2736	799.33	6.0138
278.05	0.65264	2.4971e+05	1.1515e+05	2303	794.99	5.8671
285.34	0.66718	2.7131e+05	1.2835e+05	2567	851.35	5.9733
281.2	0.65907	2.6492e+05	1.2435e+05	2487	746.77	5.9074
273.06	0.64925	2.4303e+05	1.123e+05	2246	703.14	5.9387
269.53	0.64218	2.7588e+05	1.273e+05	2546	893.61	5.5842
269.87	0.64029	2.8344e+05	1.301e+05	2602	929.98	5.2345
259.66	0.62999	2.8562e+05	1.3315e+05	2663	874.87	5.5518
283.11	0.66087	2.5269e+05	1.1735e+05	2347	681.5	5.7118
276.87	0.65848	2.4646e+05	1.182e+05	2364	740.92	5.6911
289.24	0.67377	2.3136e+05	1.07e+05	2140	714.14	5.7232
262.64	0.63082	3.2184e+05	1.505e+05	3010	979.19	5.574
262.22	0.63128	3.0729e+05	1.418e+05	2836	927.53	5.6283
268.65	0.64383	2.4048e+05	1.108e+05	2216	736.52	5.5309
258.51	0.62614	2.7788e+05	1.271e+05	2542	952.71	6.4225
248.64	0.61625	2.5643e+05	1.18e+05	2360	982.24	5.5853
258.55	0.63443	2.7064e+05	1.289e+05	2578	1127.1	5.426
256.16	0.62471	2.6575e+05	1.215e+05	2430	828.38	5.6429
283.34	0.66315	2.9027e+05	1.3625e+05	2725	852.4	6.0799
280.62	0.65867	2.8559e+05	1.3485e+05	2697	838.57	5.9297
295.91	0.67857	2.6515e+05	1.2435e+05	2487	765.72	6.0045
279.02	0.65975	2.7143e+05	1.2795e+05	2559	868.1	5.55
272.66	0.64671	3.1212e+05	1.4675e+05	2935	885.12	5.5798
252.51	0.62615	2.7833e+05	1.2835e+05	2567	1108.6	5.8987
299.23	0.68213	2.9834e+05	1.403e+05	2806	738.26	5.899
264.27	0.63827	2.2811e+05	1.0425e+05	2085	747.08	5.5152
295.86	0.68149	2.8941e+05	1.387e+05	2774	736.88	5.535
291.22	0.67217	2.8001e+05	1.305e+05	2610	847.15	5.9631
265.5	0.63443	2.5483e+05	1.1785e+05	2357	736.34	5.9386
263.06	0.63558	2.3362e+05	1.064e+05	2128	672.51	5.9289
295.21	0.67412	2.3552e+05	1.0985e+05	2197	617.17	5.9271
261.2	0.63539	2.5931e+05	1.1865e+05	2373	884.04	5.8513
303.8	0.68798	2.5411e+05	1.2075e+05	2415	546.69	6.0291
275.43	0.6488	2.5833e+05	1.1975e+05	2395	682.54	5.5201
252.71	0.61989	2.8845e+05	1.316e+05	2632	953.43	5.5263
264.93	0.64223	2.5811e+05	1.2215e+05	2443	814.41	5.9094
293.39	0.67662	2.4519e+05	1.1305e+05	2261	869.8	5.8941
279.38	0.65996	2.4424e+05	1.1265e+05	2253	714.5	5.527
277.57	0.65019	2.9917e+05	1.3785e+05	2757	984.97	5.5453
264.44	0.63943	2.6362e+05	1.183e+05	2366	1088.6	6.0809
250.37	0.61849	2.7801e+05	1.2645e+05	2529	1307	5.9798
277.77	0.65683	2.8999e+05	1.35e+05	2700	1051.3	5.5446
273.88	0.65031	2.6128e+05	1.202e+05	2404	943.69	5.5458
274.24	0.65401	2.6706e+05	1.286e+05	2572	696.69	5.9021
281.25	0.66473	2.5172e+05	1.164e+05	2328	846.65	5.5157
262.61	0.63297	2.5877e+05	1.204e+05	2408	741.33	5.6215
272.75	0.65178	2.3344e+05	1.0925e+05	2185	811.55	6.0219
281.36	0.65946	2.6005e+05	1.214e+05	2428	794.67	5.9702
269.39	0.64562	2.7593e+05	1.298e+05	2596	986.2	5.883
269.75	0.64668	2.7014e+05	1.251e+05	2502	878.12	5.9556
265.23	0.63721	2.5763e+05	1.1495e+05	2299	1056.5	5.355
265.78	0.6395	2.8649e+05	1.336e+05	2672	936.82	5.2182
