133.32	0.41113	2.9252e+05	1.388e+05	2776	1284.4	5.4246
140.64	0.42326	2.598e+05	1.2245e+05	2449	1011.4	5.3366
139.97	0.42454	2.588e+05	1.2235e+05	2447	1032	5.3692
136.19	0.41722	2.559e+05	1.2125e+05	2425	1055.5	5.3637
131.83	0.41119	2.5869e+05	1.2115e+05	2423	1099.8	5.5322
132.89	0.4099	2.3304e+05	1.0985e+05	2197	973.4	5.3239
129.4	0.39672	2.6167e+05	1.228e+05	2456	1117.1	5.3504
140.58	0.42404	2.7274e+05	1.2925e+05	2585	1084.8	5.3801
160.26	0.45731	2.8318e+05	1.31e+05	2620	1018.3	5.4043
122.45	0.39176	2.7095e+05	1.2885e+05	2577	1241.7	5.3561
118.01	0.38215	2.6352e+05	1.244e+05	2488	1257	5.3485
148.92	0.43673	2.6436e+05	1.253e+05	2506	1013.2	5.3233
119.65	0.37826	2.4024e+05	1.114e+05	2228	1084.4	5.4017
113.91	0.37351	2.4818e+05	1.1775e+05	2355	1188.8	5.3633
131.78	0.40812	2.6879e+05	1.2595e+05	2519	1146	5.3875
132.38	0.407	2.6017e+05	1.205e+05	2410	1091.8	5.3606
127.6	0.40555	2.9415e+05	1.402e+05	2804	1318	5.3462
110.53	0.36968	2.6954e+05	1.2775e+05	2555	1399.1	5.3218
142.57	0.43198	2.8775e+05	1.3555e+05	2711	1165.9	5.404
99.285	0.34158	2.4797e+05	1.178e+05	2356	1268.3	5.4501
125.54	0.40238	2.7163e+05	1.3175e+05	2635	1235.4	5.3452
132.56	0.41494	2.7914e+05	1.3455e+05	2691	1219.5	5.3039
123.9	0.39579	2.2939e+05	1.0925e+05	2185	1008.2	5.3299
137.82	0.41815	2.6052e+05	1.2345e+05	2469	1052.6	5.3014
108.16	0.36503	2.3273e+05	1.114e+05	2228	1186.2	5.3344
118.99	0.38812	2.4065e+05	1.1455e+05	2291	1129.4	5.337
145.16	0.43669	2.8245e+05	1.3375e+05	2675	1100.7	5.3095
155.92	0.45741	2.9968e+05	1.431e+05	2862	1138.5	5.3256
127.86	0.40188	2.289e+05	1.089e+05	2178	978.49	5.2953
156.97	0.45566	2.8517e+05	1.3275e+05	2655	1065.7	5.2705
129.92	0.41035	2.4273e+05	1.1275e+05	2255	1065.5	5.3169
122.87	0.39196	2.5439e+05	1.195e+05	2390	1125.5	5.3487
131.93	0.40673	2.796e+05	1.313e+05	2626	1161.9	5.3317
150.66	0.44213	2.6457e+05	1.2485e+05	2497	980.66	5.3088
149.69	0.43829	3.1029e+05	1.456e+05	2912	1183.3	5.3521
98.894	0.34642	2.6422e+05	1.2735e+05	2547	1391.8	5.3078
169.37	0.47797	3.0218e+05	1.405e+05	2810	1014.9	5.3087
114.72	0.37958	2.6616e+05	1.26e+05	2520	1375.2	5.3502
133.6	0.40802	2.6833e+05	1.263e+05	2526	1112.9	5.3468
118.53	0.38156	3.0308e+05	1.4415e+05	2883	1440.1	5.3287
100.25	0.34389	2.4761e+05	1.169e+05	2338	1369.9	5.3544
115.09	0.38449	2.8578e+05	1.3615e+05	2723	1383.6	5.3536
138.93	0.42627	2.7727e+05	1.3365e+05	2673	1159.5	5.3867
116.45	0.37848	2.831e+05	1.3565e+05	2713	1366.2	5.3548
128.1	0.40526	2.643e+05	1.2325e+05	2465	1196.5	5.3963
139.68	0.42627	2.7202e+05	1.289e+05	2578	1119.5	5.3518
119.71	0.39049	3.0189e+05	1.4255e+05	2851	1542.1	5.3733
109.35	0.36726	2.782e+05	1.3425e+05	2685	1438	5.3864
108.84	0.36658	2.7963e+05	1.329e+05	2658	1527.9	5.4053
137.99	0.42135	2.711e+05	1.294e+05	2588	1119.6	5.366
123.72	0.39362	2.6711e+05	1.277e+05	2554	1206	5.3979
156.4	0.45205	2.6441e+05	1.238e+05	2476	976.42	5.362
135.53	0.42354	2.8043e+05	1.3365e+05	2673	1230.9	5.3905
161.34	0.46607	2.6362e+05	1.224e+05	2448	945.23	5.4119
196.2	0.52542	2.5627e+05	1.1725e+05	2345	786.22	5.4179
116.94	0.38065	2.2386e+05	1.0555e+05	2111	1046.3	5.5034
127.32	0.40252	2.8988e+05	1.378e+05	2756	1413.7	5.528
117.18	0.38345	2.4601e+05	1.1865e+05	2373	1153	5.3602
129.14	0.39979	2.6501e+05	1.256e+05	2512	1146.3	5.3308
132.29	0.41221	2.6564e+05	1.252e+05	2504	1153	5.4496
125.7	0.39822	3.0076e+05	1.4455e+05	2891	1364.2	5.58
127.56	0.40147	2.3419e+05	1.0985e+05	2197	997.32	5.4821
137.13	0.42189	2.6507e+05	1.263e+05	2526	1159.8	6.2021
127.98	0.39995	2.6371e+05	1.27e+05	2540	1144.8	5.4582
124.54	0.39198	2.7648e+05	1.3155e+05	2631	1251.3	5.4241
132.39	0.4063	2.5179e+05	1.185e+05	2370	1054.8	5.4516
131.6	0.40891	2.436e+05	1.139e+05	2278	1022.8	5.4853
139.99	0.42488	2.6074e+05	1.241e+05	2482	1093.4	5.4239
146.19	0.43817	2.916e+05	1.392e+05	2784	1181.9	5.4158
143.32	0.42718	2.6793e+05	1.26e+05	2520	1079.7	5.3754
123.68	0.39578	2.448e+05	1.1595e+05	2319	1078.5	5.4279
146.61	0.43623	2.3912e+05	1.107e+05	2214	922.64	5.4806
130.66	0.41335	2.5686e+05	1.225e+05	2450	1209.8	5.8446
121.76	0.39595	2.6828e+05	1.261e+05	2522	1200.8	5.5718
149.87	0.44252	2.2299e+05	1.0395e+05	2079	857.73	5.5955
111.5	0.3698	2.4903e+05	1.1785e+05	2357	1234.6	5.5517
126.25	0.3982	2.7135e+05	1.274e+05	2548	1245.9	5.6816
152.94	0.45167	2.8145e+05	1.333e+05	2666	1089.6	5.5568
161.61	0.46165	2.0452e+05	93000	1860	739.3	5.5051
125.32	0.39633	2.5312e+05	1.189e+05	2378	1117.4	5.5962
134.78	0.4189	3.1635e+05	1.5095e+05	3019	1432.4	5.6112
152.81	0.44017	2.6563e+05	1.2285e+05	2457	1005.6	5.4699
139.66	0.41908	2.6192e+05	1.2285e+05	2457	1054.7	5.5117
118.74	0.38453	2.85e+05	1.35e+05	2700	1323.7	5.6809
126.43	0.39669	2.5713e+05	1.21e+05	2420	1151.9	5.7375
119.72	0.38904	2.6847e+05	1.2795e+05	2559	1271.9	5.6345
103.77	0.35703	2.2585e+05	1.055e+05	2110	1194.8	5.5687
127.67	0.40147	2.4747e+05	1.178e+05	2356	1058.9	5.6076
140.06	0.42446	2.5187e+05	1.202e+05	2404	1070.1	5.572
121.27	0.3916	2.4048e+05	1.1445e+05	2289	1140.9	5.4929
148.07	0.43887	2.5343e+05	1.191e+05	2382	1020.5	5.4907
116.24	0.38001	2.4196e+05	1.1485e+05	2297	1199.1	5.5731
144.86	0.43749	2.4921e+05	1.1515e+05	2303	1016.4	5.6879
135.05	0.41578	2.3618e+05	1.112e+05	2224	1012.9	5.6037
134.16	0.41227	2.315e+05	1.0785e+05	2157	982.11	5.6363
111.63	0.37106	2.5894e+05	1.2155e+05	2431	1309.9	5.6906
137.89	0.42435	2.4726e+05	1.174e+05	2348	1079.1	5.5626
108.69	0.37058	2.7792e+05	1.3275e+05	2655	1431.6	5.6251
108.81	0.36255	2.3788e+05	1.1035e+05	2207	1185.3	5.5407
141.27	0.42182	2.41e+05	1.133e+05	2266	972.35	5.4777
