364.26	0.76953	2.2563e+05	1.094e+05	2188	403.39	5.7656
376.38	0.78497	2.1737e+05	1.0665e+05	2133	315.56	5.2901
350.64	0.75256	2.3397e+05	1.136e+05	2272	417.9	5.3439
372.03	0.78182	1.7848e+05	87750	1755	243.56	5.2758
369.83	0.77601	2.5353e+05	1.2515e+05	2503	384.21	5.2847
366.04	0.77403	2.0991e+05	1.033e+05	2066	326.7	5.2554
355.73	0.75717	2.0518e+05	99250	1985	377.27	5.3263
378.37	0.7901	2.0268e+05	99450	1989	293.34	5.3061
371.7	0.78087	2.2253e+05	1.0995e+05	2199	320.04	5.2927
369.9	0.77731	2.2942e+05	1.13e+05	2260	361.3	5.243
382.76	0.7958	1.6459e+05	81200	1624	196.19	5.2695
371.46	0.78004	2.0823e+05	1.012e+05	2024	319.05	5.2972
376.92	0.7883	2.9599e+05	1.4725e+05	2945	439.5	5.3447
369.08	0.77581	1.8011e+05	88500	1770	247.57	5.2784
372.83	0.78121	1.8419e+05	90050	1801	255.11	5.2845
372.61	0.78026	2.4359e+05	1.1905e+05	2381	387.02	5.2868
361.15	0.76555	2.1389e+05	1.0455e+05	2091	328.2	5.3296
360.55	0.76834	2.3295e+05	1.1555e+05	2311	357.18	5.2799
359.12	0.7611	2.5579e+05	1.2495e+05	2499	426.56	5.3131
358.68	0.76445	2.2839e+05	1.1255e+05	2251	374.75	5.3598
365.69	0.77143	2.1823e+05	1.0615e+05	2123	341.71	5.2842
373.15	0.77959	2.5385e+05	1.2405e+05	2481	401.42	5.2992
362.74	0.76384	2.5446e+05	1.2325e+05	2465	475.16	5.2417
370.03	0.77749	2.7001e+05	1.3305e+05	2661	419.98	5.3004
367.27	0.77275	1.9669e+05	95650	1913	298.78	5.3106
377.12	0.78666	1.7902e+05	87350	1747	262.01	5.2712
365.49	0.77098	2.0278e+05	99400	1988	300.36	5.2723
381.79	0.79182	2.5923e+05	1.273e+05	2546	402.39	5.2607
382.44	0.79437	2.0401e+05	1.0075e+05	2015	270.22	5.3431
374.81	0.78452	2.0309e+05	99350	1987	293.63	5.3199
373.76	0.78313	2.1877e+05	1.0755e+05	2151	315.9	5.2984
372.59	0.78263	1.8573e+05	91100	1822	246.91	5.3223
370.31	0.77751	2.0561e+05	1.009e+05	2018	305.83	5.2875
383.98	0.79559	2.4771e+05	1.217e+05	2434	361.2	5.327
363.86	0.77004	2.8412e+05	1.3815e+05	2763	535.96	5.2501
378.31	0.78765	2.1231e+05	1.0435e+05	2087	298.13	5.322
371	0.77882	1.8208e+05	88750	1775	271.6	5.3134
365.13	0.77151	2.3288e+05	1.134e+05	2268	396.79	5.3054
376.57	0.78719	2.5548e+05	1.2555e+05	2511	385.76	5.2831
361.2	0.76655	1.945e+05	94050	1881	308.99	5.282
338.15	0.7371	2.229e+05	1.0735e+05	2147	442.76	5.2741
385.23	0.79765	2.2876e+05	1.1315e+05	2263	300.96	5.2769
367.08	0.7692	2.6296e+05	1.275e+05	2550	450.19	5.3215
375.71	0.78578	2.3246e+05	1.1465e+05	2293	345.82	5.296
361.36	0.7645	1.9261e+05	93500	1870	314.85	5.2904
369.41	0.77861	2.1315e+05	1.0435e+05	2087	309.66	5.2997
362.71	0.76511	2.2104e+05	1.07e+05	2140	379.62	5.3472
358.6	0.7647	2.1527e+05	1.0525e+05	2105	336.25	5.3513
386.08	0.80019	2.0231e+05	99650	1993	271.97	5.3738
369.14	0.77609	1.974e+05	96300	1926	297.87	5.3346
338.59	0.73981	2.5942e+05	1.272e+05	2544	475.05	5.2783
376.35	0.78477	2.0061e+05	98700	1974	271.48	5.2815
369.75	0.7744	2.2786e+05	1.1115e+05	2223	353.61	5.3605
369.36	0.77505	2.2577e+05	1.097e+05	2194	354.49	5.3713
370.38	0.77883	1.9929e+05	97150	1943	299.91	5.3339
368.07	0.77602	2.3782e+05	1.173e+05	2346	353.13	5.3356
363.17	0.76924	2.2587e+05	1.1075e+05	2215	366.39	5.3561
369.36	0.77672	2.2036e+05	1.068e+05	2136	383.07	5.2838
359.54	0.76495	2.4767e+05	1.2025e+05	2405	429.63	5.3475
367.2	0.77501	2.2912e+05	1.13e+05	2260	358	5.4075
371.12	0.78042	2.3957e+05	1.167e+05	2334	375.68	5.3446
362.48	0.77109	2.0483e+05	1.003e+05	2006	326.07	5.3022
372.54	0.78037	1.9724e+05	96650	1933	284.16	6.1045
383.45	0.79767	2.3847e+05	1.181e+05	2362	332.72	5.3677
372.18	0.78222	2.1921e+05	1.0715e+05	2143	333.73	5.3356
370.46	0.77735	2.567e+05	1.267e+05	2534	411.45	5.331
361.83	0.76361	2.2986e+05	1.115e+05	2230	372.11	5.3389
376.72	0.78618	2.2017e+05	1.084e+05	2168	300.74	5.3538
365.91	0.77026	2.4208e+05	1.1925e+05	2385	374.26	5.3373
372.34	0.78206	1.6812e+05	81750	1635	227.94	5.3689
380.67	0.79173	1.7834e+05	87200	1744	238.45	5.3539
356.97	0.7611	2.6014e+05	1.267e+05	2534	492.83	5.3671
376.89	0.78606	2.1373e+05	1.055e+05	2110	296.64	5.371
360.74	0.76651	2.601e+05	1.275e+05	2550	437.46	5.2907
369.57	0.77892	2.1422e+05	1.0515e+05	2103	328.78	5.3495
370.27	0.77589	2.2313e+05	1.085e+05	2170	357.76	5.3685
357.74	0.76209	2.0591e+05	1.002e+05	2004	350.1	5.3704
364.94	0.77261	2.458e+05	1.208e+05	2416	391.48	5.3052
361.06	0.76758	2.2754e+05	1.124e+05	2248	358.11	5.4007
357.16	0.76126	2.4325e+05	1.175e+05	2350	444.5	5.3174
370.87	0.77776	2.4688e+05	1.1985e+05	2397	415.37	5.3528
375.16	0.78297	1.9266e+05	94700	1894	263.73	5.3676
380.47	0.79156	2.4137e+05	1.1895e+05	2379	348.54	5.3379
383.01	0.7965	2.2539e+05	1.1145e+05	2229	300.41	5.3454
366.2	0.77394	2.1795e+05	1.066e+05	2132	338.77	5.368
372.12	0.77872	1.7109e+05	84150	1683	225.38	5.2971
360.45	0.76217	2.5444e+05	1.2325e+05	2465	436.53	5.3252
375.78	0.78556	2.0338e+05	99550	1991	297.47	5.412
387.96	0.80002	2.3054e+05	1.141e+05	2282	304.5	5.343
368.03	0.77541	2.4715e+05	1.2105e+05	2421	400.52	5.3595
373.71	0.78355	2.5841e+05	1.2805e+05	2561	392.03	5.3228
369.85	0.77545	1.9907e+05	96700	1934	323.22	5.3657
367.87	0.77706	1.8437e+05	90000	1800	265.41	5.3109
368.1	0.77609	1.9937e+05	97600	1952	301.1	5.3679
377.55	0.78743	2.3209e+05	1.143e+05	2286	339.22	5.3376
366.59	0.77565	2.4377e+05	1.183e+05	2366	453.53	5.375
373.7	0.78242	1.8092e+05	88650	1773	251.42	5.3536
359.41	0.76596	2.2745e+05	1.1085e+05	2217	369.1	5.313
372.28	0.7799	2.014e+05	98700	1974	285.94	5.2951
371.3	0.7796	2.0706e+05	1.0035e+05	2007	337.59	5.3597
