230.58	0.60126	2.1231e+05	1.0665e+05	2133	577.41	5.3065
236.57	0.60685	2.2927e+05	1.1095e+05	2219	775.85	5.2408
235.65	0.60381	2.4318e+05	1.1765e+05	2353	893.31	5.2441
257.53	0.63409	2.321e+05	1.1225e+05	2245	716.88	5.1824
234.31	0.6029	2.3269e+05	1.125e+05	2250	745.71	5.1708
241.39	0.6071	2.9087e+05	1.3085e+05	2617	1473	5.2189
242.01	0.61248	2.8382e+05	1.3245e+05	2649	1365.2	5.2281
236.31	0.60764	2.5402e+05	1.2505e+05	2501	840.48	5.2289
221.21	0.57839	2.0858e+05	93250	1865	944.15	5.2287
235.12	0.60161	2.2699e+05	1.075e+05	2150	797.3	5.1964
237.19	0.6083	2.1531e+05	1.051e+05	2102	703.82	5.1846
247.45	0.61723	2.5486e+05	1.1635e+05	2327	971.62	5.2048
234.99	0.60413	2.2723e+05	1.0715e+05	2143	842.25	5.2737
227.89	0.58894	2.4905e+05	1.1345e+05	2269	1187.4	5.1996
236.14	0.60434	2.5701e+05	1.239e+05	2478	954.09	5.2236
241.84	0.61172	2.7634e+05	1.262e+05	2524	1355.7	5.1772
236.02	0.60479	2.7828e+05	1.3035e+05	2607	1140.5	5.1809
259.4	0.63617	2.3104e+05	1.109e+05	2218	815.87	5.2097
236.99	0.6026	2.6901e+05	1.229e+05	2458	1107.4	5.2173
251.04	0.62813	2.3514e+05	1.1425e+05	2285	756.79	5.2303
263.25	0.63842	2.6355e+05	1.2565e+05	2513	890.87	5.2422
266.01	0.64247	2.6413e+05	1.2355e+05	2471	933.49	5.1748
239.48	0.60935	2.326e+05	1.107e+05	2214	808.88	5.1705
245.47	0.60861	2.7662e+05	1.287e+05	2574	995.78	5.2168
240.67	0.60977	2.2798e+05	1.052e+05	2104	814.89	5.2379
230.92	0.59539	2.5385e+05	1.176e+05	2352	1045.4	5.2324
254.45	0.63143	2.3288e+05	1.131e+05	2262	620.07	5.2426
234.21	0.60057	2.5273e+05	1.2045e+05	2409	919.75	5.1926
230.78	0.59078	2.7102e+05	1.2415e+05	2483	1245.2	5.2195
239.71	0.60835	2.5438e+05	1.171e+05	2342	1088.9	5.2418
247.41	0.6214	2.5949e+05	1.2125e+05	2425	1274.2	5.2539
235.98	0.60573	2.1183e+05	1.0115e+05	2023	655.84	5.2453
259.75	0.6343	2.2791e+05	1.0845e+05	2169	730.45	5.1995
227.19	0.59036	2.1983e+05	1.0555e+05	2111	769.24	5.2634
220.9	0.57961	2.4866e+05	1.185e+05	2370	893.92	5.3068
256.38	0.63557	2.5628e+05	1.266e+05	2532	629.61	5.3191
229.66	0.59586	2.5526e+05	1.202e+05	2404	1242.5	5.332
243.1	0.6141	2.3889e+05	1.1035e+05	2207	1200.8	5.2854
243.2	0.61566	2.4694e+05	1.1505e+05	2301	942.59	5.1999
248.92	0.62133	2.848e+05	1.3605e+05	2721	1093.8	5.1794
222.33	0.58501	2.7404e+05	1.3645e+05	2729	878.3	5.2154
256.62	0.63297	2.4728e+05	1.1835e+05	2367	947.55	5.237
245.25	0.62023	2.0469e+05	1.0185e+05	2037	586.13	5.2508
240.91	0.61417	2.4263e+05	1.214e+05	2428	633.82	5.2146
237.32	0.60246	2.9822e+05	1.3715e+05	2743	1471.2	5.2064
246.5	0.61963	2.4097e+05	1.1245e+05	2249	1053.4	5.2385
237.2	0.59871	2.5541e+05	1.1555e+05	2311	1089.1	5.2418
257.27	0.63056	2.3993e+05	1.1005e+05	2201	858	5.2168
236.51	0.60603	2.7347e+05	1.33e+05	2660	921	5.2184
249.1	0.62384	2.6448e+05	1.242e+05	2484	893.23	5.2335
231.93	0.59936	2.4271e+05	1.177e+05	2354	749.13	5.1756
234.32	0.60299	2.1677e+05	1.0625e+05	2125	687.05	5.219
229.53	0.59573	2.3399e+05	1.119e+05	2238	757.74	5.3442
255.27	0.62795	2.4624e+05	1.1575e+05	2315	987.47	5.326
233.51	0.60137	2.6711e+05	1.327e+05	2654	895.13	5.3261
234.96	0.59995	2.6894e+05	1.2355e+05	2471	1245.9	5.3325
243.82	0.60958	2.6835e+05	1.219e+05	2438	1156.5	5.3032
243.55	0.6108	2.4351e+05	1.15e+05	2300	854.4	5.3016
240.94	0.61345	2.5314e+05	1.216e+05	2432	849.12	5.3201
242.15	0.60723	2.2317e+05	1.0235e+05	2047	929.97	5.3375
223.51	0.58747	2.7287e+05	1.345e+05	2690	882.73	5.3322
273.14	0.65208	2.4096e+05	1.081e+05	2162	1146	5.3343
269.75	0.64583	2.4031e+05	1.125e+05	2250	878.82	6.0349
223.63	0.58958	2.2021e+05	1.1055e+05	2211	581.31	5.3045
271.88	0.65432	2.4318e+05	1.164e+05	2328	812.77	5.3069
222.78	0.58454	2.4319e+05	1.1435e+05	2287	1158	5.346
250.07	0.61888	3.0303e+05	1.3965e+05	2793	1377.6	5.3765
258.45	0.6328	2.5406e+05	1.183e+05	2366	822.12	5.2868
250.01	0.62385	2.1847e+05	1.038e+05	2076	686.76	5.3086
240.37	0.60962	2.0231e+05	98250	1965	551.34	5.354
253.07	0.6291	2.9875e+05	1.4435e+05	2887	1021.3	5.393
239.74	0.60775	2.2817e+05	1.085e+05	2170	976.52	5.3763
233.73	0.60006	2.6221e+05	1.1955e+05	2391	1112.2	5.2967
225.62	0.58993	2.4986e+05	1.183e+05	2366	1078.2	5.3135
255.52	0.62467	2.8417e+05	1.298e+05	2596	1070.7	5.3008
229.39	0.59277	2.5688e+05	1.1715e+05	2343	1313.8	5.334
236.98	0.60712	2.1786e+05	1.066e+05	2132	604.91	5.311
241.69	0.61108	2.567e+05	1.2255e+05	2451	1167.1	5.3217
253.49	0.62744	2.6283e+05	1.272e+05	2544	883.15	5.3226
229.59	0.59629	2.1854e+05	1.0795e+05	2159	636.39	5.2487
239.71	0.60675	2.9185e+05	1.351e+05	2702	1366	5.2671
203.54	0.55926	2.2536e+05	1.105e+05	2210	780.25	5.2389
228.37	0.59677	2.2492e+05	1.1085e+05	2217	675.07	5.2654
204.86	0.55977	2.3116e+05	1.1495e+05	2299	855.33	5.2337
235.46	0.60189	2.4832e+05	1.1565e+05	2313	1218.6	5.276
234.5	0.60471	2.0526e+05	1.012e+05	2024	553.65	5.2747
259.05	0.63443	2.492e+05	1.1435e+05	2287	1182.6	5.254
225.2	0.58453	2.4147e+05	1.0765e+05	2153	1410.3	5.4449
233.1	0.59627	3.0511e+05	1.421e+05	2842	1256.3	5.3362
225.31	0.58816	2.2964e+05	1.1085e+05	2217	879.81	5.3917
225.49	0.59334	2.4269e+05	1.218e+05	2436	783.68	5.3404
240.51	0.60724	2.6359e+05	1.2015e+05	2403	1219.8	5.457
221.8	0.58174	2.7623e+05	1.351e+05	2702	1003.5	5.3711
228.54	0.599	2.2706e+05	1.139e+05	2278	786.82	5.4028
225.38	0.59089	2.2621e+05	1.147e+05	2294	746.77	5.3991
251.95	0.628	2.1118e+05	1.019e+05	2038	670.82	5.3608
225.62	0.58832	2.6043e+05	1.2205e+05	2441	1182.3	5.3724
228.38	0.59411	2.7272e+05	1.258e+05	2516	1618.5	5.3649
228.19	0.58755	2.666e+05	1.202e+05	2404	1314.9	5.3783
241.01	0.60994	2.6174e+05	1.2755e+05	2551	921.45	5.4701
