262.62	0.63371	2.2022e+05	1e+05	2000	731.77	5.4843
275.61	0.65062	2.666e+05	1.2365e+05	2473	793.19	5.3746
264.12	0.6348	2.6373e+05	1.214e+05	2428	758.38	5.4124
259.01	0.62349	3.0526e+05	1.4295e+05	2859	805.94	5.3711
279.24	0.65597	2.6876e+05	1.2635e+05	2527	711.41	5.3449
285.81	0.66358	2.2462e+05	1.033e+05	2066	583.87	5.3547
270.43	0.64562	2.6902e+05	1.2655e+05	2531	902.2	5.3984
263.87	0.63252	2.8019e+05	1.291e+05	2582	883.26	5.5135
252.34	0.62611	2.3705e+05	1.102e+05	2204	1079.6	5.4242
287.18	0.66578	2.4987e+05	1.1795e+05	2359	664.2	5.2984
268.6	0.64709	2.6642e+05	1.261e+05	2522	766.99	5.3973
254.87	0.62309	2.7955e+05	1.279e+05	2558	1123.9	5.4412
271.32	0.64234	2.6645e+05	1.2435e+05	2487	744.06	5.5065
280.44	0.65694	3.1462e+05	1.4875e+05	2975	894.72	5.4063
281.86	0.65777	2.7152e+05	1.2435e+05	2487	900.2	5.4601
283.39	0.65906	2.8667e+05	1.3565e+05	2713	696.34	5.4305
252.78	0.62303	2.5933e+05	1.187e+05	2374	950.64	5.4146
277.81	0.6566	2.7127e+05	1.2785e+05	2557	840.14	5.346
281.26	0.65625	2.382e+05	1.1025e+05	2205	615.35	5.4409
282.78	0.65861	2.8838e+05	1.3505e+05	2701	776.39	5.4619
281.51	0.65478	2.5313e+05	1.1555e+05	2311	680.27	5.2866
264.32	0.63628	2.7124e+05	1.2445e+05	2489	866.27	5.314
254.58	0.62222	3.1614e+05	1.4755e+05	2951	967.44	5.4289
288.78	0.67077	2.6938e+05	1.255e+05	2510	904.32	5.4609
262.6	0.63636	3.0413e+05	1.4105e+05	2821	1028.5	5.4523
262.86	0.63063	2.8196e+05	1.296e+05	2592	871.66	5.411
275.76	0.64917	2.6444e+05	1.2465e+05	2493	710.22	5.4466
276.17	0.65269	2.8748e+05	1.374e+05	2748	882.15	5.3767
252.81	0.62448	2.4258e+05	1.1105e+05	2221	993.48	5.4052
261.49	0.63421	2.9829e+05	1.359e+05	2718	1215	5.4117
296.22	0.67621	2.6796e+05	1.258e+05	2516	628.72	5.4388
257.48	0.62544	2.9543e+05	1.3595e+05	2719	1115.5	5.4909
265	0.64032	2.8773e+05	1.3385e+05	2677	1026	5.4438
284.26	0.66528	2.2467e+05	1.044e+05	2088	629.59	5.3015
279.01	0.65516	2.7061e+05	1.26e+05	2520	694.74	5.3564
269.06	0.63851	2.8149e+05	1.309e+05	2618	846.35	5.4529
269.22	0.65046	2.1832e+05	1.0645e+05	2129	606.81	5.4354
270.42	0.64551	2.8455e+05	1.2975e+05	2595	952.13	5.4659
275.56	0.64983	2.6893e+05	1.25e+05	2500	761.12	5.4611
279.14	0.65773	2.525e+05	1.1555e+05	2311	872.6	5.4534
267.24	0.63623	2.4786e+05	1.1165e+05	2233	877.6	5.3737
269.44	0.64823	2.4455e+05	1.1505e+05	2301	849.02	5.3321
289.07	0.67178	2.3848e+05	1.127e+05	2254	583.75	5.3506
278.76	0.65351	2.5944e+05	1.1955e+05	2391	784.37	5.3256
299.63	0.68049	2.747e+05	1.3095e+05	2619	593.29	5.2884
250.8	0.61683	2.5899e+05	1.1725e+05	2345	926.24	5.377
271.37	0.64246	3.223e+05	1.5165e+05	3033	969.12	5.4708
292.16	0.67766	2.4186e+05	1.1215e+05	2243	617.13	5.3996
273.16	0.64747	2.79e+05	1.304e+05	2608	771.8	5.3701
287.68	0.67033	2.6997e+05	1.254e+05	2508	979.08	5.38
293.38	0.68073	2.1975e+05	1.056e+05	2112	543.7	5.358
260.18	0.62966	2.8446e+05	1.3315e+05	2663	894.28	5.3897
251.77	0.62063	2.3037e+05	1.053e+05	2106	844.25	5.3909
267.04	0.63889	2.4441e+05	1.1225e+05	2245	615.91	5.3186
247.93	0.61465	2.6496e+05	1.236e+05	2472	835.67	5.3839
297.79	0.67855	2.6701e+05	1.248e+05	2496	595.52	5.3348
255.41	0.62261	2.563e+05	1.1965e+05	2393	856.74	5.2767
281.63	0.66008	2.7574e+05	1.307e+05	2614	689.89	5.2406
276.9	0.65516	3.0915e+05	1.4515e+05	2903	990.8	5.4973
281.52	0.65795	2.9426e+05	1.38e+05	2760	723.9	5.5675
272.69	0.64973	2.9358e+05	1.358e+05	2716	1180.3	5.575
272	0.64249	2.5962e+05	1.2125e+05	2425	725.07	5.6021
254.74	0.62379	2.8796e+05	1.356e+05	2712	1062.9	6.3643
261.85	0.64124	2.5346e+05	1.2345e+05	2469	816.57	5.4715
262.97	0.63673	2.8257e+05	1.313e+05	2626	881.01	5.4847
275.49	0.64903	2.6341e+05	1.2095e+05	2419	884.57	5.5557
300.43	0.6831	2.4175e+05	1.128e+05	2256	634.39	5.5435
293.74	0.67961	2.3735e+05	1.0815e+05	2163	862.49	5.5338
284.94	0.665	2.8495e+05	1.3295e+05	2659	839.5	5.424
272.92	0.64512	2.442e+05	1.1245e+05	2249	740.85	5.4033
253.59	0.62079	2.7858e+05	1.2935e+05	2587	851.81	5.5707
283.97	0.66067	2.5211e+05	1.1775e+05	2355	700.94	5.5792
280.93	0.65542	2.7063e+05	1.26e+05	2520	763.54	5.5696
289.62	0.67635	2.3246e+05	1.115e+05	2230	669.03	5.5198
270.77	0.64348	2.8388e+05	1.309e+05	2618	828.83	5.4862
294.68	0.67764	2.5919e+05	1.2195e+05	2439	678.73	5.5576
284.57	0.66501	2.4207e+05	1.122e+05	2244	793.16	5.5621
281.88	0.66136	2.9046e+05	1.372e+05	2744	839.36	5.5017
271.82	0.64353	2.6386e+05	1.219e+05	2438	713.28	5.5398
274.96	0.64795	2.5143e+05	1.148e+05	2296	786.4	5.4468
256.13	0.62545	2.8775e+05	1.319e+05	2638	992.07	5.4707
275.54	0.65187	2.634e+05	1.234e+05	2468	749.01	5.5205
282.84	0.65786	2.7253e+05	1.2705e+05	2541	876.83	5.5654
271.87	0.64679	2.7878e+05	1.298e+05	2596	894.65	5.625
277.58	0.65559	2.1881e+05	1.005e+05	2010	688.23	5.585
261.31	0.63063	2.8548e+05	1.3235e+05	2647	970.11	5.466
289.43	0.66732	2.9813e+05	1.4195e+05	2839	727.64	5.4555
265.85	0.6412	2.2721e+05	1.058e+05	2116	724.32	5.4858
294.49	0.6746	2.633e+05	1.2295e+05	2459	705.81	5.4482
274.45	0.65166	2.6192e+05	1.2145e+05	2429	861.48	5.4194
282.56	0.66261	2.5005e+05	1.1425e+05	2285	785.55	5.3604
280.22	0.66563	2.3584e+05	1.1255e+05	2251	627.64	5.3507
292.04	0.67523	2.8503e+05	1.358e+05	2716	668.47	5.2869
275.89	0.65073	2.7799e+05	1.3005e+05	2601	830.94	5.2631
280.86	0.66013	2.7334e+05	1.269e+05	2538	933.58	5.2364
259.84	0.63019	2.59e+05	1.1915e+05	2383	757.55	5.2408
264.7	0.63429	2.484e+05	1.1525e+05	2305	672.7	5.2063
278.24	0.65443	2.9678e+05	1.3975e+05	2795	939.52	5.2377
275.16	0.65051	2.7025e+05	1.2495e+05	2499	814.16	5.4978
278.34	0.65328	1.986e+05	93750	1875	553.57	5.6425
