276.87	4.6336	4909.8	2208	2208	227.88	5.7852
259.54	4.5568	4538.6	2148	2148	198.06	5.7042
258.97	4.4687	3657.2	1545	1545	121.22	5.7398
246.59	4.3801	3934.4	1888	1888	163.19	5.6769
250.1	4.37	4947.6	2186	2186	204.5	5.7987
261.38	4.5086	3723.7	1694	1694	133.35	5.7308
236.06	4.3077	3688.7	1825	1825	150.9	5.701
262.9	4.5402	5134.8	2293	2293	205.97	5.6899
262.04	4.4948	4284	2029	2029	165.78	5.6878
220.15	4.1168	4894.7	2279	2279	218.21	5.6137
224.15	4.2606	3280.9	1534	1534	115.11	5.647
254.32	4.4725	4839.8	2277	2277	216.19	5.7112
227.81	4.0983	3960.2	1697	1697	134.95	5.5323
262.42	4.599	3704.2	1773	1773	129.35	5.5685
248.23	4.2743	5004.3	2297	2297	195.04	5.938
255.85	4.4821	3653.6	1692	1692	130.88	5.6746
253.1	4.4946	4079.2	2033	2033	173.54	5.6889
250.94	4.4313	4751.9	2298	2298	204.23	5.7503
242.56	4.1732	4434.4	1889	1889	145.43	5.7907
237.57	4.2141	4380.4	1928	1928	160.62	5.7324
241.36	4.392	4503.8	2137	2137	190.47	5.7544
264.79	4.4987	5376.7	2515	2515	240.36	5.673
270.97	4.6435	3860.3	1853	1853	134.09	5.8251
267	4.5875	4706.7	2180	2180	188.2	5.7753
255.46	4.4372	5174.6	2292	2292	214.53	5.7784
250.76	4.393	4097.9	1876	1876	158.84	5.7294
257.19	4.4783	3769.6	1768	1768	139.01	5.7431
246.56	4.3106	4506.9	2069	2069	179.14	5.7806
255.05	4.4576	3904.7	1851	1851	149.62	5.723
240.35	4.2821	4792.3	2187	2187	213.86	5.7524
250.98	4.4516	4451.6	2076	2076	202.62	5.7688
240.63	4.3203	4550.9	2201	2201	201.93	5.816
251.21	4.3683	3897.7	1802	1802	146.5	5.7051
285.04	4.7192	4940.3	2273	2273	192.08	5.6946
256.81	4.3332	4562.7	1995	1995	158.37	5.6822
241.73	4.4031	4038	1848	1848	156.13	5.7643
249.38	4.4139	4293.6	1946	1946	165.45	5.727
263.38	4.5087	4319.5	1792	1792	151.78	5.7685
246.31	4.3662	4543.5	2126	2126	183.8	5.5769
248.85	4.4294	4514.2	2202	2202	183.6	5.4907
261.3	4.5002	3986.2	1768	1768	133.4	5.5293
237.08	4.1925	4763.4	2181	2181	199.19	5.528
258.8	4.5733	4208.9	1967	1967	158.16	5.5578
248.95	4.2892	4441.3	2076	2076	171.76	5.5603
259.63	4.4635	4385.1	2129	2129	167.65	5.5285
226.46	4.185	5850.1	2456	2456	219.36	5.5102
256.07	4.516	5460.6	2492	2492	227.75	5.5358
251.48	4.4128	4125.2	1973	1973	156.1	5.5795
254.15	4.4816	4130.3	1864	1864	155.7	5.5368
245.51	4.3694	4919.1	2315	2315	209.55	5.5184
268.93	4.5458	4842.9	2303	2303	205.31	5.4906
275.96	4.736	4776.7	2253	2253	191.3	5.5718
237.79	4.2494	4541.3	1987	1987	179.36	5.5359
231.16	4.282	4127.5	1936	1936	159.79	5.5424
249.31	4.2793	5694.3	2562	2562	238.53	5.5144
272.88	4.711	3814	1858	1858	140.82	5.5188
255.03	4.5727	3677.3	1736	1736	113	5.4761
244.87	4.3917	3182.9	1500	1500	113.06	5.5472
250.01	4.3872	3341.9	1314	1314	93.743	5.528
261.31	4.5784	4074	1918	1918	152.02	5.52
247.84	4.3724	4981.1	2243	2243	196.88	5.5382
268.34	4.5346	3972	1810	1810	125.03	5.5268
259.52	4.5102	3624	1648	1648	129.1	6.2798
240.84	4.3053	3738.9	1753	1753	127.22	5.5529
220.25	3.9954	5034.7	2224	2224	200.67	5.4969
254.22	4.482	3959.1	1847	1847	145.28	5.5035
245.15	4.3028	3855.1	1831	1831	139.61	5.499
249.78	4.4794	4033.3	1785	1785	129.93	5.5007
269.71	4.6854	4080.4	1946	1946	147.74	5.4645
255.27	4.4652	3742.4	1661	1661	112.99	5.4506
253.23	4.3119	4168.4	1742	1742	135.81	5.5019
262.69	4.4826	5178.2	2431	2431	216.47	5.4919
212.85	3.9944	5380	2546	2546	244.61	5.4788
270.82	4.6524	4322.3	1994	1994	164.23	5.4195
260.06	4.4614	4345	2031	2031	148.15	5.4154
248.82	4.4006	4868.4	2349	2349	221.48	5.4877
236.35	4.2137	4579.2	2115	2115	167.22	5.4635
245.19	4.2953	3534.3	1531	1531	107.58	5.4399
240.64	4.3906	4026	1938	1938	156.87	5.5186
234.93	4.3212	4320.9	1829	1829	141.75	5.469
223.01	4.2183	4047.2	1938	1938	156.64	5.4831
246.12	4.375	4529.4	2025	2025	194.72	5.5171
244.34	4.4017	4738.3	2202	2202	193.16	5.5135
244.78	4.4699	2990	1371	1371	81.666	5.5347
272.43	4.6822	4421.2	1995	1995	162.2	5.5048
275.5	4.6608	5280	2500	2500	219.63	5.4524
234.25	4.1128	4530.3	2028	2028	172.97	5.4904
248.35	4.3879	4448.7	2078	2078	172.43	5.5104
259.69	4.4911	4032.7	1884	1884	147.17	5.5015
258.99	4.4441	4610.2	2110	2110	166.67	5.5382
279.7	4.6931	4132.1	1935	1935	161.64	5.5286
249.53	4.362	5042.7	2207	2207	203.26	5.5062
234.07	4.2	5131.2	2438	2438	209.27	5.4711
245.47	4.3645	4568.4	2127	2127	182.43	5.4988
257.36	4.454	4322.3	2058	2058	164.25	5.5368
252.02	4.4421	4483.7	2036	2036	171.33	5.5212
252.78	4.4286	5249.3	2328	2328	221.52	5.4859
250.73	4.4191	4133.1	1831	1831	143.87	5.4079
251.37	4.433	4926.5	2242	2242	205.51	5.4789
260.45	4.4244	5464.6	2399	2399	195.49	5.5524
