191.9	2.0812	1.4295e+05	2859	2859	12870	4.1253
176.59	1.951	1.197e+05	2394	2394	9515.9	4.022
220.78	2.6401	1.2235e+05	2447	2447	10581	3.9419
174.89	2.4764	1.3095e+05	2619	2619	10974	3.9419
204.23	2.0636	97850	1957	1957	9181.6	4.0127
195.38	2.2574	1.347e+05	2694	2694	11487	3.9137
161.63	2.0848	1.1705e+05	2341	2341	10194	3.9336
191.11	1.9585	99600	1992	1992	8841.2	3.9551
177.81	1.8983	1.0555e+05	2111	2111	8200.8	5.7046
171.85	1.5879	1.158e+05	2316	2316	9258.8	5.5546
173.04	1.8651	1.1255e+05	2251	2251	8738.1	5.5785
187.95	1.558	1.1565e+05	2313	2313	8681.6	5.5834
208.48	2.4612	1.2195e+05	2439	2439	9668.9	5.6071
179.26	2.5764	95050	1901	1901	7863.3	5.632
244.37	2.2926	1.297e+05	2594	2594	11945	5.6451
177.46	1.9733	1.0155e+05	2031	2031	8613.7	5.6761
202.31	1.8525	1.141e+05	2282	2282	9735.1	5.5835
232.38	1.8986	1.0585e+05	2117	2117	10014	5.6616
203.1	2.3684	1.1695e+05	2339	2339	10130	5.2546
209.91	2.5755	1.214e+05	2428	2428	9816.4	5.2443
214.2	1.9012	90300	1806	1806	7917.7	5.2218
166.47	1.7598	1.101e+05	2202	2202	9159.9	5.3245
174.06	1.7663	1.374e+05	2748	2748	10879	5.3041
211.39	1.922	1.145e+05	2290	2290	9816.5	5.2711
189.08	2.0003	1.1565e+05	2313	2313	9287.9	5.2642
210.14	2.7986	1.125e+05	2250	2250	9952	5.4303
185.17	2.1879	1.18e+05	2360	2360	9392.2	5.269
197.36	1.9529	1.2745e+05	2549	2549	10262	5.2985
158.95	1.9545	1.3325e+05	2665	2665	10406	5.2999
196.84	1.8497	97500	1950	1950	8533.5	5.3607
186.35	1.9876	1.0375e+05	2075	2075	8650.7	5.381
172.64	1.9415	1.03e+05	2060	2060	6680.3	5.4072
182.99	1.5907	1.249e+05	2498	2498	10316	5.3672
226.25	2.0873	1.177e+05	2354	2354	10378	5.3812
194.53	2.3319	1.1715e+05	2343	2343	9974	5.5068
178.04	1.8777	1.2065e+05	2413	2413	10054	5.149
179.21	1.8533	1.1205e+05	2241	2241	8701.8	5.16
216.07	2.5506	1.1415e+05	2283	2283	9978.1	5.1515
214.62	2.6281	1.2895e+05	2579	2579	10550	5.1102
197.78	1.8229	1.066e+05	2132	2132	8556.5	5.1682
191.94	2.1404	1.181e+05	2362	2362	10636	5.1628
192.67	1.8615	1.1165e+05	2233	2233	9695.8	5.1989
168.88	2.0664	1.2265e+05	2453	2453	10118	5.4957
217.46	2.0781	1.3805e+05	2761	2761	11787	5.2088
225.9	2.2739	1.036e+05	2072	2072	8336.4	5.2003
202.42	1.9992	1.218e+05	2436	2436	10256	5.1673
214.54	2.3689	97950	1959	1959	7961.8	5.1503
219.4	2.1518	1.3015e+05	2603	2603	11671	5.2139
191.94	2.0377	1.3025e+05	2605	2605	11242	5.2049
198.96	2.1977	1.388e+05	2776	2776	11076	5.1878
221.18	2.6834	1.0805e+05	2161	2161	8727.5	5.3248
172.91	1.7845	1.325e+05	2650	2650	9930.8	5.188
213.89	2.2637	1.412e+05	2824	2824	10774	5.2467
201.22	1.9272	1.0055e+05	2011	2011	8472.8	5.1447
198.37	2.3829	83800	1676	1676	7042.6	5.2693
212.04	2.1468	1.0025e+05	2005	2005	8333.7	5.1738
189.63	1.9387	1.205e+05	2410	2410	11160	5.205
194.34	1.9756	98750	1975	1975	8059.2	5.1967
212.08	2.0566	1.003e+05	2006	2006	8518.1	5.1953
207.96	2.4403	1.147e+05	2294	2294	9884.9	6.1492
198.92	1.9263	1.095e+05	2190	2190	9469.9	5.7857
181.34	1.8523	1.231e+05	2462	2462	10585	5.7082
199.54	1.9978	1.2845e+05	2569	2569	10737	5.5087
178.85	1.9526	99300	1986	1986	8189	5.4655
192.76	1.9508	1.208e+05	2416	2416	9308.7	5.6521
219.5	2.0893	1.1425e+05	2285	2285	9595.9	5.7737
202.68	2.1011	1.3035e+05	2607	2607	10488	5.7701
181.67	2.1377	1.2745e+05	2549	2549	10363	5.4488
156.92	1.9753	1.25e+05	2500	2500	9838.7	5.2375
169.65	2.3424	1.2995e+05	2599	2599	9934.5	5.2392
165.54	1.9053	1.11e+05	2220	2220	9152.7	5.192
196.23	2.3254	1.1805e+05	2361	2361	10091	5.192
197.2	2.2062	1.0875e+05	2175	2175	8561.2	5.2458
180.31	1.5541	1.247e+05	2494	2494	10348	5.2381
209.24	2.3332	1.0795e+05	2159	2159	9515.2	5.2198
194.42	1.9015	1.3995e+05	2799	2799	11829	5.6037
185.7	2.1301	1.248e+05	2496	2496	9870.6	5.2584
186.54	2.0089	1.003e+05	2006	2006	8470.1	5.2904
190.11	2.3388	1.1465e+05	2293	2293	9149.6	5.222
232.67	2.514	96900	1938	1938	8047	5.2759
217.17	1.9413	1.063e+05	2126	2126	9299.1	5.275
205.43	2.5327	1.196e+05	2392	2392	9512.5	5.2943
213.76	2.3829	86800	1736	1736	7352	5.2766
208.91	1.8307	1.223e+05	2446	2446	10731	5.262
184.3	1.4807	1.085e+05	2170	2170	9900.2	5.7215
190.9	2.142	1.0665e+05	2133	2133	9424.4	5.5573
205.82	2.057	98300	1966	1966	8562.8	5.6514
212.61	2.5897	1.28e+05	2560	2560	10734	5.5219
205.04	2.2476	1.34e+05	2680	2680	10623	5.4957
182.3	2.1401	1.2625e+05	2525	2525	10390	5.2958
196.92	2.265	1.146e+05	2292	2292	9623.6	5.2489
215.9	2.1234	1.1925e+05	2385	2385	9544.6	5.4515
196.84	1.9175	1.137e+05	2274	2274	8950.1	5.4749
214.31	2.3621	1.349e+05	2698	2698	10784	5.2019
186.61	2.0971	1.0775e+05	2155	2155	8681.7	5.1806
248.56	2.6683	1.18e+05	2360	2360	10881	5.1817
204.65	2.0451	1.088e+05	2176	2176	8406.5	5.1636
155.97	1.6976	1.3435e+05	2687	2687	9980.4	5.2626
195.49	1.9358	1.1695e+05	2339	2339	9167.5	5.2155
211.97	1.7496	97200	1944	1944	8684.7	5.2226
