216.23	2.1091	98700	1974	1974	9297.4	4.1076
240.18	2.235	1.265e+05	2530	2530	11909	4.0806
222.15	2.1679	1.0955e+05	2191	2191	9917.3	4.2481
236.63	2.2369	1.3015e+05	2603	2603	11171	4.1806
223.6	2.4981	1.2625e+05	2525	2525	10482	4.0737
236.19	2.7636	1.257e+05	2514	2514	11087	4.1064
227.24	1.8496	1.2405e+05	2481	2481	11928	4.1109
233.23	2.1734	93200	1864	1864	8071.9	4.1264
242.12	2.5256	1.2655e+05	2531	2531	10752	6.2341
239.29	2.0387	1.1505e+05	2301	2301	10029	5.7296
229.13	1.996	1.0875e+05	2175	2175	9723.6	5.7483
218.84	2.3877	1.1145e+05	2229	2229	8905.4	5.7478
241.52	2.5865	82600	1652	1652	7160.6	5.8276
224.22	1.9521	98000	1960	1960	8748.9	5.7724
207.6	2.6447	1.138e+05	2276	2276	8965	5.7546
231.66	2.5368	1.079e+05	2158	2158	9355	5.8445
224.26	2.8155	97600	1952	1952	8531.6	5.8969
229.34	2.2383	1.1415e+05	2283	2283	9506.3	5.5108
215.02	2.1122	98500	1970	1970	9046.7	5.388
217.42	1.7269	1.068e+05	2136	2136	9312.7	5.4201
231.79	2.278	1.263e+05	2526	2526	11414	5.3505
213.91	2.5105	79250	1585	1585	6932.6	5.3505
261.17	2.2812	1.1845e+05	2369	2369	10341	5.3711
206.66	1.9729	1.087e+05	2174	2174	9520.7	5.425
222.53	2.6389	1.1855e+05	2371	2371	11009	5.4564
199.77	1.6352	1.017e+05	2034	2034	8813	5.46
230.36	2.2411	1.0735e+05	2147	2147	9564.3	5.4416
231.54	2.0044	1.233e+05	2466	2466	10044	5.5029
222.41	2.43	1.018e+05	2036	2036	8791.3	5.5176
223.28	2.2017	1.3065e+05	2613	2613	11764	5.6271
238.26	2.3189	1.3295e+05	2659	2659	10943	5.6558
228.31	2.3384	1.2955e+05	2591	2591	10279	5.5614
189.35	2.0596	91950	1839	1839	7621.9	5.4228
186.01	1.7401	1.404e+05	2808	2808	11660	5.3469
218.34	2.0747	1.12e+05	2240	2240	9134.1	5.2719
202.48	1.7924	1.0195e+05	2039	2039	8023.4	5.2497
214.37	2.6459	91250	1825	1825	7291.3	5.2133
217.78	2.2773	1.5515e+05	3103	3103	11614	5.3334
221.79	2.0393	97750	1955	1955	8036.7	5.2716
226	1.9459	96550	1931	1931	8349.1	5.3384
217.99	2.1278	1.1835e+05	2367	2367	9927.4	5.2928
209.14	2.1501	1.287e+05	2574	2574	11033	5.2604
221.77	2.5716	1.363e+05	2726	2726	12358	5.5192
222.25	1.7896	1.085e+05	2170	2170	9867.6	5.3029
217.17	2.324	1.113e+05	2226	2226	9734.4	5.3049
216	2.4111	1.3215e+05	2643	2643	10421	5.2848
231.21	2.2581	1.273e+05	2546	2546	11453	5.2294
207.47	2.3006	98500	1970	1970	9007	5.3122
244.6	2.3516	1.3955e+05	2791	2791	12675	5.2821
232.62	2.1807	1.1715e+05	2343	2343	10130	5.3045
246.58	2.3916	1.11e+05	2220	2220	10605	5.4061
236.9	2.4124	1.211e+05	2422	2422	10901	5.3071
222.7	2.1141	1.099e+05	2198	2198	9475.2	5.3236
233.96	1.9404	98350	1967	1967	9058	5.2997
242.73	1.8923	1.128e+05	2256	2256	10458	5.3526
219.11	2.7013	1.1955e+05	2391	2391	9976.7	5.3715
222.04	1.8708	1.215e+05	2430	2430	10452	5.3102
224.06	1.8769	86450	1729	1729	7921.7	5.2984
226.09	2.3505	1.3565e+05	2713	2713	11688	5.8276
242.64	2.3065	1.18e+05	2360	2360	10074	5.6835
203.87	2.0373	1.2205e+05	2441	2441	10578	5.6679
240.56	2.3751	90900	1818	1818	7625.7	5.4135
211.71	2.0908	96750	1935	1935	7883.3	5.4461
241.06	2.3537	1.0165e+05	2033	2033	9253.4	5.7144
215.39	2.4459	88800	1776	1776	7433.3	5.6702
215.06	2.4377	1.0775e+05	2155	2155	9270.6	5.6572
232.66	2.4837	1.1785e+05	2357	2357	10504	5.6089
228.75	2.1403	1.2865e+05	2573	2573	11317	5.4174
239.72	2.2793	1.151e+05	2302	2302	9674.5	5.21
233.81	2.0927	1.1195e+05	2239	2239	9599.7	5.2419
233.07	2.5861	1.04e+05	2080	2080	8938.8	5.1665
243	1.8942	1.027e+05	2054	2054	8747.3	5.2009
223.54	2.4112	1.2355e+05	2471	2471	8643.9	5.2392
237.79	2.1374	1.107e+05	2214	2214	9433.5	5.2861
219.02	2.3576	99450	1989	1989	8881.9	5.283
207.62	1.9524	1.026e+05	2052	2052	8803.6	5.2597
213.97	2.1232	1.117e+05	2234	2234	9189	5.808
201.12	2.0085	1.0415e+05	2083	2083	8515.7	5.2034
210.43	1.9437	81300	1626	1626	7148	5.2233
247.79	2.2923	1.014e+05	2028	2028	8989.8	5.2083
231.7	2.4674	95350	1907	1907	7417.4	5.1765
224.26	2.2309	97050	1941	1941	8209.4	5.2326
228.75	2.0653	1.234e+05	2468	2468	10672	5.2077
222.55	1.8452	1.001e+05	2002	2002	9049	5.2145
223.16	2.1888	87600	1752	1752	7771	5.2011
229.67	2.5134	1.259e+05	2518	2518	10780	5.7418
222.8	2.2237	1.256e+05	2512	2512	11375	5.465
221.76	2.307	91750	1835	1835	7765.4	5.47
218.72	2.0213	1.0605e+05	2121	2121	8862.1	5.3606
204.91	1.854	99400	1988	1988	8536.9	5.2717
223.4	2.2966	1.09e+05	2180	2180	8278.5	5.3203
217.34	1.9576	86600	1732	1732	7038	5.3237
221.41	2.3484	97350	1947	1947	7490.2	5.3391
227.08	2.291	85150	1703	1703	7168.1	5.319
232.98	2.3596	91900	1838	1838	8264.2	5.4884
217.72	2.0355	1.1725e+05	2345	2345	10115	5.5285
205.59	1.9518	98550	1971	1971	7894.5	5.4579
242.13	2.2911	99000	1980	1980	9036.7	5.3702
224.61	2.5067	98950	1979	1979	8699.1	5.3997
250.02	2.5812	1.3135e+05	2627	2627	10733	5.4845
